chr6
Exon	169650828	169650879	52	1
Exon	169648512	169649068	557	0
Exon	169646292	169646376	85	1
Exon	169641857	169642053	197	0
Exon	169640547	169640687	141	0
Exon	169639694	169639790	97	1
Exon	169637720	169637890	171	1
Exon	169637265	169637441	177	1
Exon	169634829	169635002	174	1
Exon	169632985	169633112	128	0
Exon	169632759	169632911	153	0
Exon	169632075	169632293	219	0
Exon	169629667	169629774	108	0
Exon	169628217	169628376	160	1
Exon	169626275	169626393	119	0
Exon	169625240	169625474	235	1
Exon	169623343	169623570	228	1
Exon	169622292	169622563	272	0
Exon	169621525	169621622	98	2
Exon	169620293	169620432	140	1
Exon	169617917	169617924	8	0