chr15
Exon	39874059	39874125	67	1
Exon	39874394	39874953	560	0
Exon	39875818	39875893	76	1
Exon	39876189	39876388	200	0
Exon	39876501	39876623	123	0
Exon	39877671	39877764	94	1
Exon	39879548	39879721	174	1
Exon	39880243	39880419	177	1
Exon	39880727	39880900	174	1
Exon	39881160	39881287	128	0
Exon	39881403	39881555	153	0
Exon	39882006	39882224	219	0
Exon	39882717	39882824	108	0
Exon	39883392	39883551	160	1
Exon	39883706	39883824	119	0
Exon	39884769	39885003	235	1
Exon	39885201	39885428	228	1
Exon	39885598	39885869	272	0
Exon	39886300	39886397	98	2
Exon	39886502	39886641	140	1
Exon	39887563	39887570	8	9