chr19
Exon	18902000	18902078	79	1
Exon	18901659	18901744	86	0
Exon	18901371	18901422	52	1
Exon	18900751	18900923	173	0
Exon	18899969	18900106	138	0
Exon	18899648	18899722	75	0
Exon	18899401	18899559	159	0
Exon	18899219	18899323	105	0
Exon	18899021	18899128	108	0
Exon	18898300	18898459	160	1
Exon	18897342	18897460	119	0
Exon	18897049	18897101	53	2
Exon	18896775	18896956	182	1
Exon	18896483	18896661	179	0
Exon	18896308	18896356	49	1
Exon	18895706	18895902	197	0
Exon	18895001	18895173	173	2
Exon	18893864	18894003	140	1
Exon	18893725	18893771	47	0